 1529.8066   99.4856  2
 1551.6906  115.9559  2
 1481.9126  116.2262  2
 1618.7800  116.5531  2
 1530.0132  117.2572  2
 1466.4481  118.8199  2
 1623.1683  127.4844  2
 1594.8145  148.9542  2
 1456.1835  151.0816  2
 1447.8763  162.7943  2
 1470.4369  163.4864  1
 1605.0226  176.5006  2
 1618.4999  189.1761  2
 1435.5187  195.9791  2
 1489.2894  206.7057  2
 1639.3550  207.9785  2
 1461.1750  212.2675  2
 1696.6355  221.6573  2
 1554.0648  222.9315  2
 1668.6370  227.5078  2
 1735.7010  238.3318  3
 1500.9149  245.4010  1
 1632.7085  245.9799  2
 1555.8206  249.4796  2
 1556.4974  253.6436  2
 1426.9010  254.1117  2
 1662.7207  259.5189  2
 1615.9054  259.9012  2
 1638.4139  263.2023  2
 1717.5048  264.4833  2
 1694.0242  272.8940  3
 1559.2734  273.6361  2
 1418.7911  278.6549  2
 1657.9067  283.0765  3
 1730.2673  283.4273  2
  802.5643  283.5118  3
 1491.9055  284.4526  3
 1762.4377  286.0251  2
  752.4547  293.3282  3
 1720.4479  302.1486  2
 1393.3546  303.0284  2
 1585.3964  303.3448  2
 1790.7272  309.3067  2
 1743.8197  312.3394  2
 1618.2781  313.0199  2
 1758.5312  313.4272  3
 1652.8470  317.8185  3
 1482.9795  321.0424  2
 1684.0654  335.5380  2
  732.9543  343.6079  3
  730.4514  346.3077  3
 1578.8221  352.3878  3
 1625.1205  357.1177  3
 1654.6021  357.3596  3
 1761.4856  358.9364  3
 1477.7408  360.7297  2
 1572.9236  360.8792  2
 1602.3662  362.8981  2
 1781.1970  363.8379  2
 1461.0396  366.1365  1
 1595.9385  367.8700  3
 1541.0663  367.9279  3
 1632.9764  370.6959  2
 1594.1368  371.4191  2
 1639.9633  373.5064  2
  808.0685  376.5977  3
 1802.9100  378.1967  2
 1569.8757  380.5079  2
 1704.8824  381.6442  2
 1968.2981  382.8900  1
 1796.8446  385.6107  1
  663.5912  386.0598  3
 1756.8979  389.4681  1
 1749.5164  396.2776  2
 1525.4122  397.3123  2
  585.9849  397.8609  3
 1874.9921  397.8695  1
 1386.1726  399.5469  2
 1621.0874  401.4571  2
 1650.2896  401.6898  3
 1556.2574  403.7120  3
 1779.5239  405.7097  2
 1449.1433  409.5354  2
 2001.5840  413.2416  1
 1607.2526  415.0518  2
 1738.1042  416.2806  2
 1754.0854  417.9604  3
  688.5781  418.7411  3
 1999.1017  419.5379  2
 1744.8458  419.9735  3
 1561.5179  420.5168  2
 1790.1437  425.0545  2
 1539.0525  428.2126  3
 1949.5942  432.2361  2
 1790.0822  436.1090  2
 1729.5172  436.7384  3
 1745.2509  437.3782  2
 1659.8351  437.9336  2
 1691.1920  438.2729  3
 1716.0510  438.5260  3
 1352.8536  439.8531  2
  605.3220  441.1464  3
  777.4939  442.6113  3
 1567.2513  443.7379  3
 1690.2297  446.9220  3
 3113.9473  447.3402  1
 1577.8502  450.8668  3
 1620.3019  452.1488  2
 1654.1276  453.1880  3
  646.2731  453.5779  3
 1531.0117  454.2567  3
 1765.1942  455.6730  2
 1433.6537  456.9364  2
 1494.1586  464.0208  2
 3096.0251  466.3770  1
  830.6100  468.3889  3
 1976.4200  471.6186  2
 1555.8593  472.7193  3
 1637.4009  481.4224  3
 1605.4409  481.4432  2
 1608.7328  481.5969  3
 1547.2985  481.6855  3
 1748.2241  482.2181  2
  472.9492  486.0236  3
 1580.9169  491.1500  2
 1596.9503  491.6283  3
  524.2234  491.7014  3
 3130.1062  493.7143  3
 3185.0173  496.1768  3
  596.2661  496.4230  3
 1716.8577  497.9634  3
 3089.1050  502.3346  1
 1152.2767  503.7784  2
 1578.7964  505.3430  2
 2981.9111  505.4946  1
 3139.3047  506.7729  1
 1566.4012  508.0156  3
 1576.0023  511.5179  3
 1631.6039  511.9966  2
 1677.4753  513.1896  2
 1773.6372  513.3603  2
 1833.1262  515.2643  2
 1896.5057  521.2730  1
 1721.3246  522.1060  3
 1681.3352  522.7871  3
 1632.5231  524.4168  2
 1713.4268  525.3380  2
 1944.4154  527.1718  3
  649.2578  527.2833  3
 2978.2070  528.3631  1
 1803.6182  542.8217  3
 1154.2712  544.8575  3
 1692.4064  546.4615  3
  610.0918  548.0002  3
 1301.5596  549.5339  2
 1706.1859  550.2874  2
 3166.7349  551.5284  3
 1525.6328  551.9807  3
 1729.8634  552.1797  1
 1652.0332  554.7068  3
 1573.2834  555.0416  3
 2943.9614  555.0987  3
 1822.2760  556.4532  2
 1865.4188  556.7655  2
 1691.0760  556.7667  3
 1569.1617  559.2617  3
 1170.5868  562.0178  2
 3058.7039  562.9198  1
 1696.9940  564.2202  2
 3086.1484  564.6360  1
  542.4173  566.4047  3
 1197.7799  567.3072  2
 1382.8572  571.9442  2
 1483.2223  573.4787  2
 1638.3914  573.8855  3
 1449.9768  574.0486  2
 3177.7104  576.9004  1
  473.3467  578.2177  3
 1686.8896  578.6704  3
 1318.8912  578.7509  2
 1697.6555  579.0716  2
  520.6684  579.1297  2
 1715.9878  579.9767  2
  574.8579  580.5651  3
  349.1184  580.9133  2
 1120.6394  581.4521  2
 3134.3894  581.5140  1
 1149.9819  586.0105  2
 3092.7983  586.8197  1
 1474.6637  589.4127  3
 1669.2628  591.6790  3
 1694.2415  591.7307  2
  475.9629  592.4244  3
 1976.8873  593.5526  2
 1810.3180  599.5376  2
  430.7760  600.1281  3
 1369.4042  600.2601  2
  385.2140  605.4499  3
 1720.5195  606.0816  2
 1613.4178  608.9773  2
 2965.3184  610.4151  2
  325.1806  612.1465  3
 3012.8044  612.1759  1
 1241.5577  616.1497  2
 1590.5653  616.2132  3
 1506.6251  617.1037  2
 1331.5604  618.9931  2
 1936.7742  619.1786  3
 1307.4692  619.2810  2
 1581.1542  620.3690  3
 1785.5389  621.7285  2
  528.8609  621.9409  3
 3195.3821  627.4819  2
 1318.7341  630.0426  2
 1143.1897  632.1849  2
 1885.6193  632.8059  2
 1521.7672  635.3621  2
 1190.8457  637.2821  3
 1275.1686  638.7715  2
 1219.7882  639.2135  3
 3103.9895  639.2192  1
 1683.6882  641.3811  2
  509.1233  643.3835  3
 2972.6960  643.7893  1
 1506.2986  644.7327  2
 1233.7540  644.8655  2
 1816.2744  649.1596  3
  501.7007  649.6236  3
 3259.1963  650.1115  1
 3053.0017  650.9744  1
 1471.0939  651.3856  2
  424.3144  651.5511  3
 2124.4253  651.9011  2
 1562.2473  652.6990  3
 3004.2566  653.8425  1
 2068.9275  657.0938  2
 1259.5243  658.8749  2
 3151.5144  660.7699  3
 1995.4994  661.2742  3
  470.5837  661.6937  3
 3176.8218  662.3146  3
 2964.8706  663.6412  1
 1230.7883  663.7252  2
 3094.8926  664.2102  2
 1724.1670  665.0759  2
 1349.0947  665.1688  2
 1510.8700  665.8570  3
 1764.7329  667.0118  3
  489.3069  669.1818  2
  359.2109  669.8835  2
 3117.7446  669.9381  1
 2132.6975  672.3029  2
 3098.7026  672.6719  2
 1079.6343  673.9598  2
 3080.7021  674.8105  1
 1130.8622  675.1705  2
 2020.4225  678.9363  2
 1242.5170  679.7040  2
 3053.5657  680.4494  1
 3271.8157  680.6097  1
 2953.4082  681.7996  3
 1406.5288  687.1045  2
  421.8986  687.1145  3
 1526.9417  687.1843  2
 2161.1545  687.6385  2
 1342.5642  689.0472  2
 1084.7583  689.1891  2
  415.6853  690.6414  3
 3010.8579  691.6084  1
  805.2108  697.4346  2
 3002.7454  697.8006  2
 1661.0699  699.1252  3
 2055.1318  700.2910  2
 3098.8555  700.6507  2
 2885.4094  703.4507  2
 1615.2422  703.6985  3
 3117.6145  704.1844  1
  817.4964  706.0308  2
  717.3533  706.5336  2
 2218.9277  708.4200  2
 1115.9072  708.6946  2
  410.9025  709.5296  3
 2940.1199  711.2368  3
 3262.5825  712.5403  1
 3033.2258  713.3732  2
 1221.4182  713.5099  2
  729.2531  713.8282  2
  752.1931  713.9649  2
 1468.0977  715.1401  3
 3229.0876  717.9440  1
 1532.6902  718.3706  2
 1155.1735  718.4681  2
 2168.2456  718.6698  2
 1348.1843  719.8382  2
  489.7852  719.8652  2
 1191.9963  720.0376  2
 2878.9973  720.9277  3
 1362.5763  721.1481  2
 2933.2107  721.3566  2
 2011.4816  722.3824  3
 3108.6387  725.2697  3
 2888.9092  726.5307  2
 3118.6309  727.8090  1
  480.8170  728.3773  3
 1977.6179  729.0412  2
  434.3693  730.3277  3
 1303.2772  731.0434  2
  852.6240  731.2460  2
 2936.0149  734.5010  3
 1373.6627  734.8583  2
 1274.1367  735.7896  2
 3258.9294  738.4330  1
 2106.8486  738.6390  2
 2943.8542  738.8087  2
 1284.7119  740.4961  2
 2959.3374  740.7964  2
  502.0648  743.6266  3
 3106.3538  744.0935  2
 2015.9973  746.9381  2
 1268.2548  746.9783  2
 3048.1238  747.7237  1
  453.6909  748.1318  3
 3036.5254  748.2161  1
 1253.2694  748.6963  3
  302.9893  750.6570  3
 1314.9586  751.5038  2
 3148.5884  752.5720  2
  833.9268  753.4243  2
 3041.0322  754.3102  2
  880.3925  757.4084  2
 1309.5486  757.6511  2
 1266.3549  758.0217  2
 1208.2113  758.3966  3
 2914.1423  758.8342  2
 2897.3186  759.2761  3
 3087.4900  761.6442  3
 1442.3790  763.1281  2
 1363.7238  763.2799  2
 2902.0339  763.7904  2
  885.7379  764.2649  2
  281.2020  764.9351  3
 2094.7620  765.0582  2
 1145.0760  767.8848  2
 3157.7463  767.9019  3
 1232.1682  768.2266  2
 3090.0559  768.9881  2
 2984.4646  770.3852  3
 2891.8948  770.4529  2
  488.0296  771.8903  3
 1350.5481  772.7521  2
 2939.9805  777.6740  2
 1264.7402  778.1811  2
 2958.0972  778.3772  1
 3308.9797  779.2751  1
  712.8731  780.8283  2
 2080.8975  780.8577  2
  467.1548  784.5195  3
 1405.4182  784.6140  2
 3032.9387  789.0402  2
 1378.1179  790.1951  2
  671.3537  790.2169  3
 2869.4104  791.8867  3
 3044.6484  792.5770  2
 3025.6982  793.1513  2
 3047.5869  794.9277  1
  531.1432  796.0952  3
 1450.9465  797.3344  2
  437.8522  797.7036  3
  875.0302  800.8552  2
 3116.9263  801.9382  3
 1632.0967  802.1232  3
 3070.6128  802.3209  1
 1258.6163  804.1979  2
 3150.0283  804.9999  3
 1147.6251  806.9298  2
  752.2988  807.0709  2
 2992.4775  808.1626  2
 3021.4434  808.8992  1
  331.9276  809.3464  3
 3107.9014  809.5277  1
  524.8481  809.7406  3
 1467.2235  810.8819  1
 3187.0823  810.9965  1
  653.5627  811.0330  2
  437.5446  811.5653  3
 1975.4290  813.7213  2
  949.7011  813.7374  2
 1173.9111  814.3880  3
  884.2625  815.7382  2
 1317.5742  816.4659  2
  309.2535  817.0474  3
 2069.7637  817.9611  2
 3112.3425  818.6206  1
 1319.7601  821.6555  2
 1491.1438  821.7762  2
 2991.0632  824.9089  2
 3131.9033  826.2969  3
 2922.7075  826.7419  3
  818.1454  827.0677  2
 1135.4207  828.6032  3
 3136.8081  828.6392  2
 3117.1282  830.3264  1
 2581.4150  830.5774  2
 2096.5007  833.2465  3
 2040.1187  834.4955  3
  761.7686  834.7808  3
 3083.0627  836.5701  2
 1341.3834  837.6320  2
 2942.9407  837.7475  1
 1058.2632  838.0568  2
 1508.3630  839.1105  2
 3134.5039  839.6434  1
 3159.1365  841.0557  3
 2968.3120  842.2797  2
 1239.0737  842.8055  1
 1492.5801  844.4586  2
  511.2485  844.7031  2
  923.4439  845.7267  2
 3150.3440  846.4214  1
  906.4511  847.0895  2
  304.7104  847.7958  3
 3006.5532  849.2224  2
  696.1018  849.7877  2
 3169.3423  850.4650  3
 1075.5979  850.7147  2
 1016.7476  851.2729  2
 2953.0630  851.7876  3
  894.2218  853.7339  2
 2770.7087  854.1073  2
  275.6885  854.3153  3
  748.3783  854.6696  2
 1471.4052  854.7430  2
 3087.7847  854.8085  2
 2103.2947  855.6173  2
  812.2753  856.2958  2
  911.6991  856.4005  2
 2145.2463  857.3483  2
 1443.3704  860.5643  2
  792.6738  861.3977  2
  285.2578  861.6155  3
 3168.8948  862.7854  1
  654.6359  863.1242  2
 3083.6223  863.3232  2
 1986.5450  864.1254  2
 2938.9390  864.1676  3
 1392.8987  866.0276  2
 2786.9155  867.4247  2
  703.4318  869.0056  3
  357.6193  869.4898  3
 1290.5364  873.7593  3
 2549.1880  878.2936  2
 2951.4807  880.2018  2
 3049.2827  881.1989  2
  627.9041  881.5219  2
 2175.0933  881.6982  3
 2772.7400  882.3373  2
  693.8776  882.8575  2
  614.8892  883.4544  3
 3006.2354  884.2339  2
  444.6868  884.9695  3
  853.9745  886.4357  3
 2930.7710  886.7481  3
 2736.0320  888.5466  2
  662.6722  889.9742  3
  415.8707  890.6929  3
 1016.8932  892.2657  2
 3081.3081  893.0668  1
 2016.7697  893.5007  2
 2127.6531  893.9264  2
 1532.6658  894.7350  1
 3087.5239  894.8036  2
  745.5981  895.8684  3
  371.9047  895.9519  3
  960.4783  896.0685  2
 2000.1422  896.3260  3
  345.7368  897.2133  3
 2751.0151  899.0530  2
 2940.8157  902.7463  2
 2696.8059  903.5206  2
  523.4490  905.8798  2
  659.4761  906.1888  2
 2594.1257  906.6957  2
  789.2164  907.0123  2
 2570.9602  908.3071  3
 3176.9097  909.2548  2
 1509.2816  910.3378  2
 2921.1335  911.8371  2
  943.5685  912.8203  2
 2063.6904  913.4061  2
 1279.1594  914.9387  2
 3013.2207  915.9802  2
 1331.0874  917.1742  2
 2943.5598  919.4128  2
 1257.0522  919.7141  2
  454.7860  919.9735  3
 2583.1025  920.4038  2
  715.0436  920.6927  2
  815.3987  921.3068  2
 3033.9670  925.3158  1
 2961.8271  925.9745  2
  999.4779  928.4491  2
 2091.8452  928.8233  3
 3056.3569  928.9451  2
 2611.3926  929.5441  1
 2609.7258  930.6659  2
  355.7204  930.9191  3
 2983.6055  931.2378  2
  528.2262  936.1146  3
 2524.9548  936.4659  1
  722.2250  936.5112  2
  716.5035  936.7827  2
 2559.9275  936.9496  2
 1280.5070  937.2632  2
  354.6790  937.6746  3
  894.6517  940.3662  2
 3064.5842  941.1798  2
 3104.3931  941.5867  2
 2149.4294  942.0038  2
 2608.6567  942.3959  1
 1464.9196  942.4046  2
 3113.9180  943.9477  2
  909.4312  944.5755  2
  703.4581  944.5999  3
 2980.1941  945.5574  2
  325.4766  945.5842  3
 2705.0593  946.3588  2
 2742.3855  946.7112  1
 1259.5033  949.0545  2
 2001.1259  949.3573  2
  897.6788  949.8537  2
 1933.3881  950.8864  2
 1445.4723  951.8817  2
 1274.6107  953.2904  2
 2732.3423  953.3442  2
 1493.2651  953.6198  2
  816.5421  953.8251  2
 2584.5027  954.6478  2
 2693.1013  955.2724  2
  406.2146  955.9391  2
 1038.7311  956.4311  3
 2566.5088  957.0639  1
 1419.8577  958.8876  2
 2038.1248  958.9733  2
  825.6674  962.0027  2
  821.3779  962.1490  2
 1009.9787  962.9028  2
  660.4224  963.0548  3
 3047.5913  964.1012  1
 1276.2264  965.4343  3
 2982.9453  968.7832  2
 1108.6632  969.2288  2
  607.5675  969.6472  3
 2691.2644  969.9135  2
  932.1199  970.4662  3
 2741.1323  971.6395  1
 2847.2600  971.9312  2
 1306.5408  972.0546  1
 2054.0327  972.8993  2
 2997.0876  976.0356  3
 1440.9304  976.4236  2
 3114.6826  976.6591  2
  920.1288  977.0411  2
 2681.8755  978.4113  2
 2571.8086  979.0413  2
 2581.5154  980.5758  2
 3154.7551  980.6814  2
 3012.0005  980.8795  2
 2651.0498  984.1381  2
  988.6647  985.9572  2
 2624.1396  986.0087  2
  957.3613  986.4943  2
 1127.1307  986.6111  3
 2553.6084  988.9041  2
 2128.1362  988.9630  2
  713.8138  989.4264  2
 2890.6423  989.6205  2
 1948.5848  990.7672  2
  864.0607  992.1036  2
 2024.6559  992.9752  2
 1309.0892  995.5818  2
  890.3339  996.9621  2
  927.3846  999.4092  2
 1942.2806  999.4745  2
 2935.1096  999.9689  2
 2639.2097 1000.6609  2
 2613.3572 1001.0029  1
 3167.3076 1002.4678  2
 3092.7378 1002.5435  2
 1317.5903 1002.5995  2
  670.9741 1003.3566  2
 2954.3391 1006.5771  2
 2188.3850 1008.7776  2
 2706.9282 1010.8143  1
  928.0323 1010.8213  2
 3012.2122 1011.0571  2
 2639.5574 1012.1913  1
 1155.6069 1013.3322  2
 1382.3188 1014.9367  3
 3140.6223 1015.4623  2
 2935.2461 1015.6080  2
 1360.2878 1017.3099  2
 3155.9209 1017.6286  3
 2514.8030 1018.0090  2
  912.4446 1018.0381  2
 2578.0371 1018.0435  1
  907.2396 1018.9254  2
 1983.9158 1020.8729  2
  811.2634 1022.8385  2
 2690.6733 1023.1204  2
 3185.7937 1023.3879  2
 1098.9193 1024.1786  2
  925.0113 1025.1261  2
 3187.9404 1028.9668  2
 2958.2390 1029.8754  2
 2936.6294 1031.9628  2
 2064.6123 1033.3926  2
 1096.4351 1034.3003  2
 1177.5875 1037.7362  3
 1044.3308 1038.0272  2
 2995.1938 1040.7279  2
 2917.4932 1042.4000  3
 2642.1855 1042.6794  1
 2534.1331 1042.8411  2
 3135.8020 1044.3165  2
 2699.3140 1044.4602  1
 2751.9570 1044.6006  2
 2959.9028 1046.3176  2
 2516.3945 1046.4912  1
 3023.1333 1047.5399  3
  949.2952 1047.6526  2
 2743.2559 1048.4049  2
 3040.5471 1054.0126  2
  952.9990 1055.1873  2
 2655.8726 1056.2205  1
 2687.7676 1057.0814  2
 2502.5750 1058.0864  2
 2583.3064 1059.6254  2
 2538.9907 1061.9043  1
 1889.9583 1062.8575  2
 2605.6008 1064.9150  1
 3062.4812 1065.2140  2
 3019.4702 1066.0464  2
 2675.2717 1066.1338  2
 2572.1274 1066.6375  2
 1938.1616 1071.3785  2
 2524.8481 1071.7915  1
 1857.1464 1074.2134  2
 1151.7745 1074.3014  2
  984.7307 1078.7170  2
 1145.2804 1080.5892  2
 2520.5005 1083.6158  2
 2515.8813 1083.6342  1
 2891.2517 1084.6122  2
 1904.0963 1085.5305  2
 2758.7156 1086.9261  2
 2732.9910 1087.9761  1
  958.3573 1089.4613  2
 2533.9111 1092.5660  2
 2579.1001 1092.6106  1
 2761.0332 1092.7638  2
 1939.2905 1092.8556  2
 1121.6239 1097.3274  2
 2562.7739 1097.3538  1
 2492.1265 1099.5928  1
  975.6531 1101.0790  1
 2451.2754 1103.5298  1
  704.3589 1104.3438  3
  726.4147 1105.2205  3
 2511.5569 1106.6068  2
 1934.1022 1108.3293  2
 3198.1841 1110.2410  3
 2497.6904 1110.2771  1
 2818.0044 1111.7157  2
 3072.9675 1112.0183  2
  754.1774 1113.7292  3
  777.3061 1115.8192  3
 2702.3718 1117.9196  1
 2472.6956 1118.2692  1
 1101.9850 1118.9958  2
 2583.2639 1119.1951  1
  981.5180 1119.4441  2
 2000.8065 1121.5024  2
 2612.2622 1121.8068  1
 2537.1638 1122.4386  3
 3080.8523 1124.8129  3
 1130.4891 1124.8345  2
  853.9611 1125.6506  2
 2667.6836 1126.3260  2
 2581.8225 1126.6815  1
 2461.1589 1126.8448  1
 2997.0686 1127.9520  2
 3032.9524 1128.4143  3
  996.3263 1129.8650  2
 2950.2122 1132.7155  2
 2783.1033 1132.9221  2
 2639.4209 1132.9951  1
 2582.9177 1133.0422  2
 2540.4343 1133.0741  2
  913.3765 1133.8619  3
 2983.2305 1134.1702  2
 2674.9053 1136.0536  1
 3112.1003 1137.7670  2
 1850.3158 1138.1246  3
 2542.2932 1139.0510  1
 2800.5789 1141.9210  2
  919.3753 1145.7943  2
 2663.8640 1146.3538  1
 2433.4353 1146.6355  1
 3165.3889 1147.2129  3
 1830.3213 1147.3442  2
 2464.5745 1148.5958  1
 2542.8423 1149.2782  3
 2499.7769 1149.5317  1
 2412.6338 1150.5284  1
 1915.2067 1151.6600  2
 2033.8209 1151.7991  2
 3050.0486 1152.3938  2
 2861.3110 1152.8737  2
 2505.4497 1156.2837  1
 2619.3042 1156.5349  2
 2732.8489 1156.5820  2
 1872.3904 1157.3585  2
 2683.2122 1158.2122  2
 3117.5979 1158.2732  2
 2840.1641 1159.5690  2
 1849.3922 1160.5256  2
  915.9298 1161.6062  2
 2953.5171 1163.0074  2
 2964.0486 1163.0734  2
 2430.9771 1163.2323  1
 2563.2634 1165.1177  1
 2579.4353 1165.2731  1
 3147.6484 1168.4108  3
 2465.4373 1169.7048  1
 1132.0236 1169.9913  2
 3237.6860 1170.3634  3
 2701.9009 1171.5580  1
 2404.1223 1178.5378  1
 2928.6045 1180.1744  2
 2755.1992 1181.8861  2
 2559.6660 1183.0428  2
 2688.8828 1183.4048  2
 2823.3635 1184.9420  2
 2733.0977 1185.6967  2
 2512.1174 1186.2549  2
 1979.8926 1187.2946  2
 1086.2661 1191.2632  3
 2587.7996 1192.1312  3
 1985.1274 1192.8568  2
 1093.6990 1193.3650  2
 1882.0267 1196.1132  2
 2801.6675 1196.9524  2
 2832.3313 1197.7189  2
 1017.0467 1198.2346  2
 2518.3000 1198.7643  2
 2661.8628 1199.1179  2
 1002.4008 1200.1967  2
 2599.4163 1201.1466  1
 2509.3047 1201.2197  1
 2489.6440 1202.3129  1
 2747.9473 1203.2206  2
 2391.2993 1203.7727  1
 3104.1680 1206.3633  2
 1749.0280 1207.4465  2
 3018.5840 1208.1451  2
 1006.3596 1209.7717  2
 3034.0688 1209.8655  2
 2684.0486 1210.7194  2
  925.8041 1210.8303  2
 2685.5706 1210.9148  1
 1147.1637 1212.2430  2
 2596.8594 1213.6315  2
 1938.8995 1215.3829  2
 2769.0476 1215.6183  2
  983.1404 1215.6348  2
 1843.5967 1215.6949  2
 3066.5408 1216.3831  2
 3092.9622 1219.7831  2
  895.4811 1222.9210  2
 2049.2092 1223.1750  2
 2016.7917 1224.4712  2
 1917.9745 1225.4584  2
 3130.6724 1225.9723  3
  911.7318 1227.6838  3
 2477.9673 1227.8324  1
 2109.8586 1228.2296  2
 1745.9427 1228.8442  2
 1122.5508 1232.2401  3
 2520.4460 1233.7277  1
 3249.9224 1236.9474  2
 1987.0280 1237.9539  2
 3108.9468 1238.3782  2
 1061.2717 1240.1765  2
 2657.9324 1242.0834  1
 3080.9846 1243.3800  2
 2637.2720 1244.8236  1
 2570.9897 1245.7627  1
 2872.0278 1246.7343  2
 1097.4442 1248.7117  3
 1016.6960 1249.5830  2
 2553.1113 1249.6497  1
 3207.2959 1250.0573  2
 3008.8098 1250.9712  2
 1032.5621 1251.1520  2
 2632.6460 1252.0454  1
  944.7526 1252.0959  2
 2000.7618 1255.2538  2
 1015.3774 1255.9457  2
 2371.6199 1256.7787  1
 3043.7747 1257.1707  2
 2129.5576 1257.1891  2
  980.0690 1257.7911  2
 2461.2341 1259.2203  1
 1867.4597 1260.1587  2
 3061.2749 1260.5210  2
 2615.5129 1261.7279  1
 2410.1887 1262.4360  1
  875.8787 1263.1517  2
 2463.6160 1263.8708  1
 2510.6736 1264.2052  1
 2542.5271 1264.6846  3
 2019.8032 1267.3850  2
 2537.5054 1268.7317  1
 2138.4111 1269.2174  2
 2495.8716 1271.0474  1
 2620.6262 1272.7377  1
 3248.9319 1275.7147  2
 1830.5273 1277.1904  2
 2083.2585 1277.3906  2
 2097.9685 1278.4371  2
 1040.2400 1279.2632  2
 1833.2445 1280.6477  2
 3082.7578 1280.8636  2
 2966.6953 1282.0614  2
  978.8814 1282.4353  3
 1055.2084 1282.4410  2
 2591.7007 1282.6351  1
 2396.5002 1285.1855  1
 3112.5720 1286.3459  2
 1810.0564 1288.2152  2
 2063.0330 1289.1865  2
 2529.2332 1289.5162  1
 2516.6099 1289.9893  1
 3067.9580 1291.5475  3
 1069.2943 1291.7191  3
 2000.4769 1292.9833  2
 2155.9309 1293.3368  2
 2034.4496 1293.8456  2
  948.5936 1294.0155  2
 2674.6006 1294.4829  1
 1293.5867 1295.2317  2
 1272.1349 1296.5073  1
 1063.4185 1297.8440  2
 2592.0920 1299.1415  1
 1910.3008 1304.0535  2
 3208.9839 1305.2075  3
 2430.4993 1305.3765  1
 2390.6311 1308.6494  1
 2482.7751 1309.0652  1
 2553.7566 1311.1068  1
 1409.0906 1312.8921  3
  873.7424 1313.9374  2
 1095.1534 1314.0405  2
 2449.2783 1318.5989  1
 3138.4802 1321.0333  3
 1114.9613 1321.5507  3
  909.4122 1322.1481  2
 1307.4363 1322.2538  3
 1508.3429 1323.8843  3
 2008.0394 1326.5815  2
 2415.4878 1327.4204  2
 1844.8699 1328.0321  2
 1091.0895 1329.6821  3
 3078.9934 1332.2609  2
 2131.3721 1333.3617  2
 1085.1818 1333.3806  2
 1436.8516 1333.8103  3
 1933.0961 1334.4846  2
 1875.9557 1336.1290  2
 1187.1078 1337.5315  2
 1100.7538 1337.8212  1
 2476.3545 1338.6539  1
 2049.4705 1338.6561  2
 1900.2638 1338.8933  2
  296.6671 1342.3992  3
 1038.7471 1345.1201  2
 1960.9127 1345.4705  2
 2410.5701 1345.4929  1
 1347.7690 1346.4745  3
 2061.0830 1347.1311  2
 2453.0232 1347.2769  1
 1136.4275 1347.3905  3
 1511.3685 1349.1034  3
 1301.6971 1351.7485  3
 3275.5259 1353.9307  3
 2087.5662 1358.6433  2
 1095.6842 1358.7230  3
 2119.2771 1358.9882  2
 1387.3295 1364.1506  3
  291.3821 1364.8475  3
 3129.7812 1365.3595  3
  686.7408 1366.4010  2
 2454.0225 1369.2192  1
 2058.4351 1369.6060  2
 2402.7612 1370.1882  1
  649.7790 1371.0251  2
  453.8625 1371.4780  3
 1048.6874 1374.4714  2
 2349.9985 1375.0875  1
 1479.2056 1375.9744  2
 3258.2605 1378.1310  3
 1055.6855 1381.5389  2
 1169.4321 1383.0087  2
 1402.0537 1386.4452  3
 1939.1360 1388.5398  2
  573.7394 1389.0737  3
  681.4543 1391.8113  2
  348.7430 1392.2053  3
  387.5116 1393.7633  3
 2491.8799 1394.9624  1
 1263.0187 1395.9556  3
  220.2247 1399.8070  3
 3109.1096 1400.8185  3
 2523.8562 1401.3251  1
 2394.8242 1404.2401  1
 2326.1331 1407.3640  1
 1347.4393 1407.6665  3
 3099.0095 1407.6716  3
 2370.9590 1410.1093  1
  609.5016 1410.5210  2
 1295.0692 1411.3608  3
  528.0331 1413.0304  3
 3137.3821 1415.3561  2
 2025.7375 1415.6896  2
  516.2051 1415.9763  3
  481.5904 1417.2441  3
 2484.4326 1418.7640  1
 1438.8337 1420.6429  3
 2423.2632 1421.7926  1
 2532.2241 1423.1921  1
 2354.1621 1431.2234  1
  574.2371 1432.1232  2
  511.8232 1437.0222  2
  495.3867 1439.1592  3
 1508.4619 1441.1309  3
 1278.2598 1442.6027  3
  978.7703 1442.6362  2
 2049.0439 1445.5356  2
 1512.1624 1448.1824  2
  320.0818 1449.1669  3
 3120.4146 1450.0922  2
  529.4821 1450.1681  3
 1291.0815 1452.3755  3
  586.5743 1452.9095  2
 2546.8435 1455.2258  1
 1153.1324 1456.1272  2
  968.6090 1457.4486  2
  661.3036 1458.3352  2
 1292.5156 1458.8771  3
  241.2646 1462.9387  3
 1159.9514 1462.9584  2
 1254.0002 1463.5695  3
 1071.1989 1464.8899  2
  288.4735 1464.9838  3
  472.5181 1465.3773  3
  397.8720 1467.2910  3
  411.0437 1468.0938  3
 1252.9935 1470.5411  2
 3206.1477 1472.5902  3
 1105.4432 1472.6724  3
  365.1761 1473.8081  3
  534.3633 1477.3964  2
  365.9376 1479.3871  3
 1254.1091 1480.4810  3
  254.6505 1482.9636  3
 2518.0117 1484.1056  1
  412.9822 1486.9175  3
  344.7958 1490.6056  3
 3221.0869 1492.2952  3
  717.0146 1492.7368  2
  356.1250 1494.4078  3
  396.9012 1495.0095  3
 1149.5156 1495.5181  2
  514.2150 1502.6230  3
 1419.3071 1504.1714  3
  593.1304 1504.4617  3
  644.5293 1504.6714  2
 1436.6461 1505.5795  3
  308.6490 1508.4214  3
 1400.3717 1511.5713  3
  575.0733 1513.0458  3
  424.2227 1514.7166  3
 1420.1143 1517.9792  3
 1403.0592 1518.0427  3
 1107.6400 1521.2727  2
  473.9799 1525.6382  2
 1288.7166 1525.8705  3
 2710.8235 1526.0553  2
  543.8445 1527.9762  3
  971.5491 1531.3533  2
  430.8740 1531.3994  3
  539.4897 1534.2354  2
  559.2994 1535.1666  2
 2766.2532 1535.5715  2
  326.2027 1538.3127  3
  685.6724 1540.9489  2
  349.9666 1541.2101  3
  644.0778 1544.0283  2
  246.6428 1544.2546  3
  226.7336 1546.5627  3
 1020.0325 1547.4404  3
 1074.5956 1548.1079  2
 2380.2632 1549.8843  1
 1377.9966 1552.1082  3
  274.2372 1553.4954  3
  440.3799 1556.7520  3
  575.3396 1556.8169  2
  187.7832 1557.9012  3
 1448.2401 1558.7107  3
  196.2967 1562.5623  3
 2870.9421 1562.9202  3
 2720.3689 1563.1697  2
 1339.3934 1563.4464  2
  376.5526 1564.8281  3
  305.2841 1566.4412  3
  442.2164 1568.0182  3
 2326.6663 1568.1265  1
  533.6678 1568.3608  3
  231.6885 1568.6516  3
  398.4355 1568.6884  3
 2702.6506 1577.3937  3
  361.1378 1577.8823  3
  310.1415 1578.0840  3
 1325.6532 1579.2397  3
  221.7295 1581.2528  3
 1071.4647 1582.1259  3
  728.7482 1585.6996  3
 2927.5559 1585.8031  2
 1147.8242 1586.2194  3
 1459.8074 1587.0598  3
 2760.2854 1588.6617  2
 1052.4585 1589.7535  3
 1477.2125 1590.9542  3
 2864.2327 1591.8268  2
 1180.2687 1592.7063  1
  365.1079 1592.9475  3
 1425.8762 1595.3408  3
 2317.4980 1596.5328  2
 1285.3130 1599.5947  3
 2995.3892 1601.6110  2
  347.8646 1602.3634  3
 1182.5947 1602.7026  2
 1039.7919 1604.7306  2
 1301.0764 1605.2429  3
  451.5531 1607.5013  3
 1185.9825 1608.8286  2
 1010.7750 1608.8594  2
  713.9027 1610.1542  2
 2355.6306 1611.8494  1
 1292.5306 1612.4181  3
 2382.6504 1613.0602  1
  300.8653 1613.7871  3
  808.0408 1613.8203  2
 1111.1097 1615.7642  2
  371.9603 1616.8967  3
 1311.0396 1619.4171  1
 2313.8569 1621.3108  1
  431.6517 1621.9053  3
 1207.3723 1623.3441  2
  742.3763 1623.6287  2
  576.9219 1624.1476  2
 1375.6271 1624.9058  3
 1283.2432 1625.0001  3
  446.4578 1625.7565  3
  401.9319 1626.7664  3
  607.2913 1627.3672  2
 1045.3861 1628.2501  3
 2450.3328 1629.2561  1
 3020.4316 1629.4084  3
 1018.8311 1629.4226  2
 1220.3228 1630.2092  2
  191.3992 1630.6536  3
 2216.1980 1631.1992  1
 1105.2737 1634.0089  2
 1177.4625 1634.3832  3
  307.8592 1634.5345  3
 2745.3411 1635.3427  2
 2310.7471 1635.7965  1
 1178.9865 1637.4885  1
  598.4131 1639.0803  2
 2750.5618 1639.9497  2
 2630.4900 1642.7135  2
 1422.6652 1643.6443  3
 2637.7444 1645.2123  2
 1378.4475 1646.6516  1
 2349.5862 1647.2980  1
 1250.6840 1647.4039  3
 2222.3696 1648.1464  1
 2194.1003 1651.4762  1
  997.3466 1651.4790  2
 1255.5414 1653.0347  3
 3052.3088 1653.8365  3
 1201.6383 1654.0537  2
 1435.1830 1654.4664  2
 2411.2478 1655.2102  1
  998.1063 1655.2269  3
 2396.1094 1656.3469  1
 3026.5168 1657.2195  2
 1191.8861 1658.9961  3
  787.7581 1659.7454  3
 2930.8574 1659.7734  2
  263.5791 1661.9875  3
 2344.1272 1662.1343  1
 2280.1516 1665.7668  1
 1147.9977 1665.7821  2
  795.0369 1665.9736  2
  678.2090 1667.6545  2
 1369.8068 1667.8151  3
 1120.0305 1668.7249  3
  368.1962 1671.2045  3
  553.5387 1671.4728  2
  376.4555 1671.9102  3
 1045.9982 1671.9745  3
  182.1392 1672.9435  3
 1004.1031 1674.0592  3
  279.3784 1674.7177  3
  276.0203 1675.0748  3
 1323.1604 1680.6241  3
 1485.0972 1681.0006  3
 1021.2205 1681.9302  3
  137.4641 1682.5980  3
 2446.2961 1683.1093  1
 1300.2826 1686.3456  1
  140.2332 1689.6938  3
 2696.3044 1690.0135  2
 1257.9271 1690.3083  1
 2742.5852 1690.3879  3
 2349.3521 1690.4014  2
  363.2932 1690.8644  3
  309.6396 1693.0544  3
 2460.7939 1694.3815  1
 2251.8020 1695.4502  1
  575.6614 1696.9109  2
 2759.2229 1697.0706  3
  950.4556 1700.7786  3
  153.4453 1702.8237  3
  219.2728 1703.3549  3
 1031.6454 1703.6779  2
  321.6209 1707.2562  3
  766.2190 1709.4924  2
 1078.4417 1710.5424  3
 1000.4106 1714.5253  3
 1062.0317 1717.0164  1
 2298.9287 1721.0164  2
 2308.2375 1723.0645  1
 1102.6708 1723.6809  2
  395.2004 1723.9192  3
 2356.1038 1725.9908  1
 1164.9111 1725.9991  2
 1017.8817 1726.3197  3
 1299.7889 1727.4570  1
 2458.1721 1727.5551  1
  348.1558 1730.7729  3
 2849.4141 1732.3337  3
 1096.5197 1739.2280  2
 2394.1606 1739.4901  1
  622.9674 1740.4244  2
 1367.0748 1741.9193  1
 1370.6681 1743.0199  1
 2279.3320 1744.2363  3
 2824.4673 1745.0287  3
  357.0014 1745.1971  3
 2989.6775 1745.8944  2
 1286.2867 1747.6648  3
 1302.8182 1748.0481  2
  331.7444 1748.8367  3
 2460.4509 1749.7787  1
 1282.2754 1750.8875  1
 1268.4685 1752.2794  1
 1094.8112 1754.1699  3
 3010.1843 1755.0643  3
  296.5746 1757.2102  3
 2876.2852 1757.2303  2
 1218.0320 1758.1880  1
 1331.8671 1758.2211  1
 1177.5905 1758.2933  2
 1335.6549 1758.3458  3
 2399.9670 1758.7507  1
 2470.4458 1759.3291  2
 1054.6410 1761.1412  3
 1305.7867 1761.6213  1
 1221.8206 1762.6121  3
 2477.5688 1765.4034  1
 2507.2227 1768.6246  1
 2321.2747 1771.2172  2
 1086.2339 1771.3484  3
 1272.7339 1771.6741  2
 2838.2363 1773.5830  2
 1031.3186 1773.9489  2
 1164.2286 1773.9664  2
 1410.1080 1775.7109  2
 1334.5310 1776.2721  2
 1048.0880 1776.9111  2
 1349.4563 1777.9567  1
 1253.3391 1778.7535  2
 1091.2279 1780.2111  1
 1215.6239 1781.0669  1
 2271.9023 1781.1233  1
 1198.1216 1781.3163  2
 1223.8564 1782.5558  2
 1239.9296 1783.0242  1
 2349.3984 1783.2697  1
 1070.4944 1783.6243  2
 1125.7533 1783.7095  2
 1091.2203 1784.6970  2
 1110.0552 1786.5837  1
 1316.3340 1789.2338  1
 1165.5229 1790.7123  2
 1399.7698 1791.6124  1
 1280.3182 1793.3496  2
 1480.3171 1794.0979  1
 1094.5175 1795.9380  3
 1434.7848 1796.1188  1
 1059.6398 1801.9244  2
 1556.2603 1802.5420  1
 1077.5271 1803.4993  3
 2456.1199 1805.3702  1
 1311.0686 1808.6168  3
 1126.0776 1810.1959  2
  959.2401 1812.1754  3
  992.9400 1812.9408  3
 1062.5818 1814.7345  2
 2861.2410 1816.7991  2
 1061.2135 1819.6331  3
 1413.7751 1821.9677  1
 2299.4924 1824.0408  1
 2870.2148 1828.3804  2
  990.5582 1829.0811  3
 1040.7201 1830.3993  2
 1174.3260 1831.6050  3
 2423.0427 1832.8480  1
 1329.8241 1833.9263  2
 2550.5413 1834.4705  1
 1006.1266 1835.0922  2
 2333.5107 1835.8707  1
 1512.4624 1836.2400  1
 2517.5229 1840.7054  1
 1251.8704 1843.6472  1
 1492.0399 1843.8459  1
 1304.1713 1846.1066  2
 2558.5708 1850.5922  1
 1250.6396 1852.1729  1
 1025.9707 1852.2393  3
 1569.1525 1857.0079  1
  983.2866 1857.6510  2
 1529.9456 1859.4241  1
 2336.2034 1860.1621  2
 1203.2181 1862.1853  2
 1333.3345 1862.2335  3
 1177.8807 1862.4698  2
 1431.8077 1865.2638  2
 1559.7970 1865.7488  1
  905.2313 1868.3545  3
 2287.3850 1868.4119  1
 1575.1373 1870.0465  2
 2359.2820 1870.4402  1
 1264.2010 1871.5200  1
 1332.1910 1872.8993  1
 1406.7843 1874.3624  1
 1551.6707 1874.4546  1
 1123.6294 1876.5015  2
 2371.0806 1876.8542  1
 1392.1091 1876.9871  1
 1602.9602 1877.3652  2
 1061.8212 1877.8602  3
 1236.3115 1879.0071  2
 1118.8276 1879.8073  2
 2352.1731 1883.2709  1
 1048.6473 1883.4594  3
 1228.5687 1887.2382  1
 2564.9668 1887.3192  1
 1177.0886 1889.6093  1
 2369.1743 1889.6479  1
 2428.6489 1893.4403  1
 1575.1302 1894.9258  1
 1506.0502 1895.2349  1
 1203.8055 1896.2648  2
 1339.6951 1897.1055  2
  903.2902 1898.3267  3
 1515.7098 1900.2092  1
 1118.0873 1900.8785  2
 1000.6765 1901.1266  2
 1356.1569 1901.1375  1
 1091.5361 1901.2577  2
 2492.8777 1902.0518  1
 2514.8816 1902.0980  1
 1251.9996 1905.3729  1
 1584.9637 1909.1189  1
 1333.5852 1909.2338  1
 2343.8296 1909.8812  1
 2442.6338 1910.6617  1
 1340.9297 1912.2090  2
 1469.9628 1912.5936  1
 1287.2052 1914.5247  2
  986.7761 1923.7262  3
 1143.7477 1925.1782  3
 1414.0331 1928.3927  1
 1223.6738 1931.3977  3
 1278.7007 1932.7856  1
 1090.0719 1933.0586  3
 1486.0094 1933.3171  1
 1424.1691 1937.6775  1
 1219.6631 1939.1591  3
 1358.6588 1941.5726  1
 1340.3983 1942.3491  2
 1470.0402 1951.6155  2
 1252.6927 1952.6438  1
 1515.1692 1957.6364  1
 1122.7712 1958.3125  2
 1297.4965 1962.4983  1
 1609.8715 1965.3026  2
 1369.6023 1972.3749  2
 1585.5275 1973.4039  1
 1593.5281 1980.0758  1
 2355.0298 1982.7388  1
 1600.4934 1985.7191  1
 1243.9919 1987.6238  1
 1929.4587 1989.9674  3
 1417.2590 1992.1863  1
 1423.9554 1997.9580  1
 1436.3284 2003.6986  1
 1956.0844 2012.3468  3
 1244.7678 2024.0234  1
 2236.3484 2026.4800  2
 1228.2916 2026.7535  2
 2139.5386 2039.1707  3
 1546.4697 2042.1882  1
 1954.2155 2043.5596  2
 1756.2731 2048.9951  3
 1710.7112 2053.2678  2
 2151.0071 2053.6533  3
 1983.8057 2054.4729  3
 2034.9757 2054.9351  3
 1935.1708 2055.2458  2
 2052.1907 2062.5161  2
 1757.7107 2063.6519  3
 1911.8800 2064.9983  3
 1922.4088 2068.6575  2
 2218.3372 2069.0667  3
 2057.4651 2071.6096  3
 2163.4067 2072.4612  2
 2275.4521 2077.9343  3
 1900.8632 2085.7083  2
 1735.4067 2087.3833  3
 1761.4401 2090.8538  2
 2760.9390 2095.4690  2
 2124.7988 2095.5322  2
 1986.5507 2098.1628  3
 2258.6328 2098.1951  2
 2065.9116 2100.7678  3
 2586.6348 2103.7891  1
 2263.9290 2106.0764  2
 2491.0273 2108.1328  1
 2038.0267 2108.5320  3
 2077.7747 2110.6912  3
 2579.4109 2111.2661  2
 2821.6646 2111.3215  2
 2796.9155 2116.0010  2
 2277.5020 2116.6897  3
 1675.6978 2123.0540  2
 2538.4597 2127.2170  2
 1822.9374 2131.9661  3
 2725.7341 2132.3342  2
 1749.0237 2136.0190  2
 2762.3235 2138.7175  2
 2016.9537 2138.7776  2
 1995.1339 2139.0276  2
 1790.8214 2143.9404  2
 2510.7041 2144.2019  2
 1950.6431 2145.7371  3
 1887.0745 2150.1248  3
 2369.8340 2150.9709  2
 2089.7351 2152.1025  3
 2657.0620 2152.2529  2
 2104.5146 2154.7375  2
 2000.3073 2156.6660  3
 2543.4163 2157.2380  2
 2599.5703 2158.2559  3
 2192.1089 2162.1929  2
 2587.5833 2165.6816  1
 2196.9351 2166.8086  3
 2225.6587 2167.3167  3
 1607.8634 2168.6829  3
 2667.2759 2170.0837  2
 1725.5876 2171.1392  3
 2170.2522 2173.3765  3
 2548.3701 2177.5066  1
 2144.3030 2178.9941  3
 2063.4958 2181.7256  2
 2515.3457 2182.2654  3
 2551.4832 2187.5857  1
 2182.4927 2188.1040  3
 1917.3468 2191.3943  2
 2239.2632 2195.4390  3
 2695.6396 2196.9978  2
 2569.2639 2198.3958  2
 2565.0337 2198.6016  2
 1663.7035 2200.0195  2
 2515.0745 2200.5273  3
 2126.4082 2200.6272  2
 2206.9534 2205.0583  2
 1998.4458 2207.5820  3
 1618.1177 2209.0232  2
 2271.5977 2209.5449  3
 1690.1376 2210.5928  2
 1860.1036 2211.7107  2
 1818.0714 2211.8616  3
 1850.9885 2213.5940  3
 1980.6847 2214.3572  2
 2746.6326 2215.5867  2
 1950.5470 2216.2842  3
 2521.9854 2217.0046  2
 2154.3843 2220.5908  3
 2411.5381 2221.5410  3
 2488.9868 2222.7249  2
 2705.7888 2222.8511  2
 2473.4937 2223.1016  2
 2084.2461 2223.7329  3
 2526.6689 2229.1775  2
 2099.5017 2231.7812  3
 1854.1704 2233.4458  2
 1678.9756 2236.1802  3
 2378.7363 2236.6882  1
 1771.6814 2241.9795  2
 3276.4653 2242.4636  2
 1955.0182 2242.6570  3
 2434.5178 2250.9338  1
 2402.6306 2250.9753  1
 3208.0757 2251.5100  1
 2165.3872 2251.6628  2
 2845.5859 2252.1096  2
 2828.7451 2253.5759  2
 2633.9702 2254.7007  2
 1767.7335 2257.0588  2
 1545.3325 2259.7449  2
 1557.6925 2261.4707  2
 2499.8635 2263.8396  1
 3334.1230 2264.7542  3
 3321.5378 2267.0789  1
 3236.1516 2267.8386  3
 2877.1929 2268.3286  2
 1792.7809 2269.6316  2
 1834.4758 2269.9290  2
 2353.6147 2270.4951  2
 2530.5415 2271.1194  2
 1650.2583 2276.8770  3
 2538.8157 2279.1936  2
 3281.9712 2280.4138  2
 1646.3811 2282.6970  2
 2732.7334 2284.2954  2
 2608.9702 2285.0950  2
 2794.4099 2285.1914  2
 1528.7885 2288.7751  2
 1505.2639 2290.2605  2
 2744.1052 2292.6792  2
 1619.8403 2294.8918  3
 3218.8069 2295.7573  2
 1809.1317 2296.6404  2
 3419.4961 2297.2954  3
 2486.7332 2297.4846  2
 3362.6648 2298.3154  2
 2350.9573 2302.3167  1
 2530.7815 2307.9885  1
 2446.8064 2311.5813  3
 2764.8564 2311.8899  2
 3382.7737 2312.9011  2
 1562.9105 2313.8352  2
 2793.8960 2314.4490  2
 2544.3418 2315.0044  1
 1669.5891 2315.3279  3
 3374.7620 2315.4363  2
 3309.5708 2315.8176  2
 2847.6328 2320.5349  2
 3274.0896 2322.0166  2
 1746.5049 2325.0667  3
 3293.6162 2330.1855  2
 1748.6305 2332.2046  3
 2490.5630 2333.9089  2
 3216.2256 2334.8904  1
 3234.2009 2336.5693  2
 2569.0825 2337.1528  2
 2824.1199 2337.9021  2
 3369.6653 2338.2668  3
 2465.6670 2340.6023  1
 1530.4755 2344.5325  2
 3435.5898 2344.5737  2
 2547.9551 2345.3174  1
 2437.1707 2346.2317  1
 2521.2278 2348.6812  2
 3368.9216 2350.1394  2
 2532.2522 2351.2732  2
 3494.9429 2351.6250  1
 2528.9055 2352.0720  2
 3427.3423 2353.5244  3
 2577.7883 2355.7002  3
 3302.3674 2357.2827  2
 3322.2214 2360.4841  2
 2643.3054 2362.3867  2
 2601.5188 2363.0601  1
 3403.6433 2363.8750  2
 3185.2178 2368.1631  2
 3333.3667 2368.2983  3
 2546.6196 2370.4556  2
 3391.0315 2374.6580  1
 3371.5417 2375.3965  3
 3220.1956 2376.0435  2
 3390.9705 2376.2605  2
 1655.6635 2378.2913  3
 3458.2810 2379.7207  3
 1681.2107 2381.0950  3
 3273.0898 2381.5483  3
 2524.9478 2382.5938  2
 2551.9304 2387.5940  1
 2357.8311 2391.9102  1
 1556.9037 2392.0354  2
 3447.8052 2400.1948  2
 3293.8193 2402.1096  2
 3383.6860 2404.3384  3
 3389.1716 2408.8762  2
 3418.2256 2411.9246  2
 3361.1255 2413.7000  2
 2413.8403 2416.1770  2
 2615.5378 2416.7153  1
 1647.4365 2418.2170  3
 3252.9807 2422.4680  3
 3373.6987 2423.0815  1
 3188.2646 2423.6516  3
 2490.2261 2425.1816  1
 2596.4648 2429.7405  1
 3325.5164 2431.5283  2
 3309.5100 2433.3584  2
 3258.2947 2434.7134  3
 3437.6978 2437.6072  1
 3169.2014 2438.0090  2
 3426.5037 2441.9067  2
 3184.7593 2443.6831  3
 3308.3035 2444.0278  2
 3200.5437 2446.8596  2
 2431.0574 2448.2349  1
 3412.3264 2453.8989  2
 2389.8745 2462.0771  1
 2565.2307 2464.2212  1
 3314.1084 2465.3628  3
 3243.6694 2467.3909  2
 3205.0654 2471.3088  2
 2388.8022 2475.7986  2
 2500.5659 2481.1941  1
 3400.4397 2482.4458  2
 2495.3896 2491.0442  1
 2732.8887 2492.6704  3
 3368.2458 2492.7102  2
 3135.2009 2496.2283  3
 3370.9451 2496.7400  2
 3406.5308 2498.8530  3
 3177.5474 2499.1604  3
 3349.3965 2503.3103  2
 2378.4856 2506.2976  1
 3188.6777 2508.6726  2
 3347.1726 2525.3198  2
 3288.3950 2534.4111  2
 3345.5808 2534.4412  1
 3181.3193 2537.3606  2
 3212.4348 2540.4316  2
 3235.9878 2540.5029  3
 3156.7324 2544.8940  3
 3399.7463 2545.6670  3
 3372.9553 2546.0144  2
 2703.7859 2558.1255  3
 3186.6667 2559.6301  2
 2644.2505 2559.7424  3
 3310.6606 2561.2847  2
 3427.2769 2561.4731  2
 2720.1121 2564.1858  2
 3174.1743 2566.6387  2
 2563.2751 2567.0835  2
 3210.3669 2569.0803  2
 2541.3723 2579.2119  3
 3260.6821 2581.9199  1
 3140.6492 2584.5908  3
 3348.5986 2586.1597  2
 3373.4900 2592.9639  2
 3218.9990 2594.6890  2
 3291.7458 2599.3884  3
 3347.2209 2600.2412  2
 3226.1011 2601.6794  2
 2617.3230 2602.0303  3
 3181.2266 2607.3616  3
 3249.0820 2614.4351  2
 3209.0125 2615.2556  2
 3132.5754 2616.1304  3
 3220.8511 2617.0103  3
 3196.8853 2617.3665  3
 2645.4382 2617.5603  3
 3354.8022 2621.1992  3
 3276.0310 2625.3962  3
 2694.5623 2627.7544  3
 3352.0146 2632.7896  3
 3186.1416 2639.4890  3
 2696.3572 2639.5303  3
 2733.6968 2640.9590  3
 2474.2942 2641.3943  3
 3400.5286 2642.0288  2
 2607.1113 2647.6819  2
 3286.2646 2653.1396  3
 2647.8220 2656.6228  2
 3350.1243 2658.4602  3
 3107.9387 2677.5242  3
 3178.0234 2679.3657  3
 2585.7231 2685.0122  3
 2578.6968 2689.5620  3
 2286.1785 2691.4426  1
 3155.2932 2693.4272  3
 2370.2964 2695.9690  1
 2244.0447 2709.1519  1
 2300.7363 2712.4602  1
 2196.3972 2716.9473  1
 2552.0266 2718.9028  3
 3286.9973 2724.1951  3
 2355.4731 2725.3398  1
 2329.2222 2727.0483  1
 2698.1406 2733.0220  3
 2209.0989 2734.8108  1
 2219.7600 2735.5012  1
 3121.2522 2735.9863  2
 3097.7266 2741.4343  3
  581.6818 2744.9404  3
 2379.1631 2745.7795  1
  542.9587 2747.2041  2
 3065.8054 2747.4189  3
 3209.6904 2749.4248  3
 3230.5337 2751.6208  2
 2237.4944 2753.3267  1
 3073.7056 2753.8369  3
 3186.2024 2756.3374  3
 3247.0884 2756.8228  2
 2360.5027 2765.2419  1
  546.3932 2769.1533  3
 3292.5986 2769.3660  3
 2202.7153 2773.8960  1
 2276.4131 2775.8308  1
 3266.9941 2775.9146  3
 2517.1167 2779.6316  3
 2247.2520 2783.8638  1
 2346.0586 2786.4072  1
 2327.1333 2788.1392  1
 2020.7377 2789.3169  1
  554.1749 2790.4065  3
 1999.0657 2791.4468  2
 3208.9758 2794.4280  3
 2238.0903 2794.6858  1
 2013.7214 2798.1870  1
 2191.5254 2799.1721  1
 3216.7080 2800.9236  3
 2045.1422 2801.2236  1
 3311.9458 2801.2651  3
  524.7930 2801.3186  2
 3086.7810 2803.2815  3
  490.6219 2806.2493  2
 2280.1455 2816.0435  1
 3269.4036 2820.0566  3
 2561.3127 2825.8203  3
  956.4694 2834.0383  2
 3158.6052 2837.3557  3
 2170.6663 2838.5139  1
 2548.5967 2840.7356  3
 2302.2354 2841.2900  1
 3268.8696 2842.0674  3
 3073.5059 2845.6292  3
 2309.0657 2846.4556  1
  813.6911 2847.9622  1
  586.3184 2848.4170  2
  429.7364 2849.5203  2
 2076.3269 2849.8362  1
 2044.4636 2850.0576  1
 3125.8169 2853.5139  3
 2084.5176 2853.9077  1
 1023.3316 2854.3718  1
  989.0024 2856.5647  2
 1010.2302 2859.8237  1
  642.9119 2860.5339  2
 2154.8943 2863.0977  1
 2417.6128 2863.9043  1
 2137.8489 2865.1216  1
 3064.0669 2866.5959  3
  953.3084 2866.6941  2
 1159.4159 2867.6233  2
 3115.3857 2868.1111  2
 2394.5591 2868.4883  3
  876.7049 2869.0872  2
 1047.8530 2869.2266  2
  826.9592 2869.8027  1
 1427.3450 2869.8511  2
  746.8193 2870.1257  2
 3170.4421 2870.4690  2
  432.8445 2871.1321  2
  842.5415 2873.3457  1
  783.8093 2874.3325  2
 3253.1816 2874.5251  3
 2201.7056 2875.0950  1
  399.1579 2876.1904  2
  404.1748 2877.7781  2
 3377.5022 2878.0283  3
 3217.9819 2878.7346  3
 3238.8079 2881.1946  2
  583.5314 2884.0186  3
  762.4029 2884.3301  1
 2188.5789 2885.4187  1
 1153.7476 2888.4253  3
 1329.1232 2889.4670  3
 1062.9271 2889.8892  1
 3186.6951 2890.0640  3
  647.0833 2890.6519  2
  589.6293 2893.5835  3
  900.7733 2894.3345  1
  807.6481 2895.4883  1
  914.5173 2896.2808  1
 1281.7883 2896.3469  3
 3138.8767 2897.1682  3
  687.4404 2897.7417  2
  726.2839 2898.0222  2
 1165.5383 2898.8867  2
 2201.6221 2903.4302  1
 1446.8765 2903.9573  3
  988.3860 2904.4446  1
 2033.8777 2906.0474  1
  854.6861 2906.3076  2
 2157.2842 2907.0649  1
  563.1100 2908.1248  2
 2226.0015 2908.5171  1
 1023.7843 2909.0759  1
  537.8493 2913.3889  2
 1368.2920 2913.7363  3
  627.7546 2914.4978  2
 1344.3954 2914.7351  3
  921.4995 2915.8052  1
 2386.5186 2918.7246  1
 1184.3931 2918.8218  3
 1484.3561 2919.8347  3
 2081.1887 2919.9368  1
  567.5839 2923.3420  2
 1134.7361 2923.6973  3
 2364.4177 2924.4854  1
  524.8268 2925.1777  2
 2336.7385 2925.5354  1
  723.2515 2929.4644  1
 2117.2659 2930.1169  1
  878.7255 2932.4888  3
 1321.0673 2933.1023  2
 2127.8987 2933.3762  1
 3034.3079 2933.5928  3
 1377.4097 2934.8513  2
 1694.0989 2935.8796  2
 2182.8438 2937.9695  1
  682.9498 2938.5005  3
 1233.9611 2939.7095  3
 1307.6685 2941.0098  3
  571.1908 2942.3296  2
  551.4572 2943.8308  2
 2139.8586 2946.6448  1
 2159.1316 2946.8379  1
 1304.6350 2946.9568  2
 1489.9225 2948.2852  2
 3216.4761 2948.5962  3
  952.3630 2948.8911  1
  930.7764 2949.8193  2
 2095.1143 2949.9373  1
  303.3587 2950.6575  2
 2302.7903 2952.7034  1
 1505.1306 2958.8428  2
 3179.5652 2959.1790  2
  497.8543 2959.9883  2
 2148.6292 2962.2112  1
 2120.1853 2962.9028  1
 3251.5532 2963.3997  2
  783.6154 2964.1826  1
 2077.9382 2964.5276  1
 3081.9819 2965.0620  2
 1440.8706 2965.6558  2
 1415.3389 2967.0325  2
  833.5386 2967.5374  1
 3114.3601 2970.4797  3
  762.6880 2971.6870  1
 2199.7373 2974.0767  1
 1205.6511 2974.5791  3
  698.0577 2975.0825  1
  540.3972 2975.6667  2
 1053.7839 2976.3479  1
 3272.1211 2977.2415  2
  313.2212 2977.8467  2
  637.8181 2978.5693  2
 3225.2686 2978.9165  3
 1318.5331 2979.8079  3
  529.4412 2979.9258  3
  984.8059 2983.5623  2
  357.1267 2984.5593  2
 1141.2593 2984.6394  2
 1445.7534 2986.6653  3
  811.8569 2986.8662  1
 3132.4568 2989.8491  3
 1255.5433 2991.5950  2
  754.8657 2992.3533  1
  498.5727 2992.7332  3
  484.5235 2995.6355  3
 3193.6267 2997.0674  3
  369.3791 3002.8950  2
 3200.8203 3003.0381  3
 1214.4044 3004.0898  3
  803.2224 3006.6086  2
  847.5322 3007.9692  1
  332.0039 3008.0081  2
  881.7471 3009.4116  1
  512.8990 3015.7471  3
  725.6140 3015.8215  1
  466.0124 3016.0283  2
  903.8890 3018.1726  1
 1473.7104 3021.9617  2
  502.8762 3022.2727  2
 3320.2178 3022.8423  2
  417.8936 3025.3669  3
 1408.4061 3025.8679  3
  445.3438 3026.3513  3
 1019.2407 3027.1414  1
 3105.6516 3027.1545  2
 1195.1884 3028.8616  3
 1232.0968 3030.3196  2
 1285.5277 3030.6357  3
 3285.4124 3034.6772  2
  471.5541 3034.8586  2
 1456.4473 3036.4456  3
  874.3326 3037.0913  1
  718.6730 3037.6755  2
  909.8412 3039.0405  1
  497.4882 3040.4529  2
 1386.8322 3041.8159  2
  514.3436 3044.9182  2
 1251.5242 3047.0320  3
  449.0430 3048.7092  2
 1131.5275 3051.9167  3
 3252.4048 3052.4319  2
  362.2670 3057.1362  2
 1343.8506 3057.7454  2
 3099.3916 3058.2996  3
 3189.6052 3060.1555  3
 3162.1079 3061.0435  3
 1537.3337 3062.4785  2
 1366.4851 3063.6096  2
 1330.4377 3065.9663  2
 1381.7358 3066.2654  2
 3119.8010 3068.0095  3
  717.2783 3068.3730  2
 1375.8348 3070.2085  2
 1015.7459 3071.2192  1
 1397.8042 3075.2207  2
 1074.0753 3075.5654  2
  422.1911 3078.6428  3
 1623.7407 3079.4604  2
 1156.1936 3080.3091  3
  949.7770 3080.6443  3
 1309.0844 3081.8792  2
 1506.4885 3083.2515  3
  792.6973 3084.4683  1
  990.9369 3086.1653  1
  689.5666 3100.3809  1
  482.6938 3101.8555  2
 1716.4733 3102.3855  2
 3193.9363 3102.9983  3
 1490.1503 3105.4480  2
 2194.4287 3108.8809  3
 2144.3589 3112.4167  2
 2138.8606 3112.9612  2
  698.3409 3114.3674  2
 1622.8401 3115.5862  2
 3225.4753 3115.6023  2
 1425.8789 3115.8479  3
 1706.9639 3118.6028  2
 1663.0042 3119.3201  2
 1520.1511 3120.3230  2
 2192.8650 3121.9600  3
 2250.9683 3123.8916  2
 3156.9175 3129.8997  2
 2085.6504 3132.2847  3
 2232.2285 3132.6431  1
 1552.8000 3133.7605  2
 2305.6714 3135.9871  3
 3142.1477 3136.6428  3
  452.4319 3137.5112  2
 2270.5657 3140.1343  2
 1571.3646 3147.0405  2
 2357.7253 3148.9529  2
 1580.7188 3149.1255  2
 1449.9871 3150.6550  2
 1483.2817 3155.2678  2
 2275.1335 3155.3264  3
 1398.2767 3155.6941  3
 2327.1660 3159.3779  2
 1460.1018 3162.1099  2
 1500.6628 3163.8435  3
 1457.0587 3169.5249  2
 2264.0049 3172.0750  2
 2406.0261 3174.8000  2
 1631.0404 3175.0042  2
 2157.0798 3175.7366  2
 1708.3751 3176.8528  2
 2429.2227 3177.9363  2
 1719.6001 3178.5491  3
 1666.8402 3185.8171  2
 2076.5227 3190.1721  1
 1638.3427 3198.3174  2
 2302.4563 3199.7522  3
 2431.0110 3200.4832  2
 2276.2715 3200.8945  2
 1667.4170 3201.1609  2
 2153.7524 3203.1575  1
 2118.2620 3204.2742  3
 1722.5223 3206.6709  2
 2100.2744 3208.7202  2
 2171.4338 3223.4561  3
 2182.6758 3234.6145  1
 1773.3855 3237.9355  2
 1530.3430 3239.0388  2
 2249.2832 3243.1125  2
 1754.1283 3243.3118  2
 2113.7104 3243.5339  2
 1546.2258 3244.5601  2
 2131.8994 3245.2139  2
 2232.3057 3245.4661  3
 1734.7371 3245.7668  2
 2277.9634 3248.0884  3
 1458.9874 3248.3020  2
 1493.3405 3250.0640  2
 2122.4263 3250.1995  2
 1767.6254 3251.0432  2
 2220.0371 3251.9189  2
 1675.3663 3258.4922  2
 2360.2363 3259.4497  2
 1570.9489 3259.7583  2
 2315.8401 3261.8176  2
 2225.5356 3264.5815  3
 1721.3584 3266.1965  2
 1725.5970 3267.4951  3
 1588.5084 3270.1072  2
 2385.8452 3271.1848  1
 1645.9277 3272.5017  3
 1519.4937 3273.8389  2
 2426.0833 3275.9028  1
 2450.5400 3280.0010  2
 1607.3715 3280.0439  3
 2175.5991 3283.7400  2
 1471.3104 3284.3413  2
 2065.6702 3285.3704  2
 2430.2549 3285.4062  3
 2073.6763 3286.7795  2
 2387.2412 3288.6431  3
 1787.5653 3289.7109  2
 1784.8221 3290.1260  2
 2272.3025 3290.4297  3
 1775.7191 3291.8198  2
 2367.5027 3293.5649  3
 1556.1267 3294.4756  2
 1736.2408 3294.5500  2
 1459.9998 3294.9841  2
 2325.2544 3295.4326  2
 2264.4019 3297.1162  2
 1572.2151 3302.0657  2
 2048.0515 3302.5557  2
 2079.7134 3303.6514  3
 2037.6490 3305.1526  3
 2404.9602 3311.8127  2
 2203.7734 3313.4663  2
 1503.7823 3313.8000  2
 1822.4299 3315.9185  2
 2289.2122 3321.0378  2
 2346.8042 3321.7280  1
 1656.2648 3324.4539  2
 2334.0232 3324.8564  2
 2110.4907 3326.6130  3
 2177.9294 3328.9763  2
 2135.1997 3329.9185  1
 2142.0083 3342.7966  2
 2266.2532 3346.3154  2
 2420.0715 3358.3411  2
 2220.0344 3367.6143  1
 2407.0537 3374.5312  2
 2169.5752 3375.5186  3
 2355.4502 3390.1025  2
 2288.3159 3394.4966  2
 2306.7344 3395.2700  2
 2143.0701 3447.0789  3
 2209.2205 3480.6035  3
 2143.0095 3513.3672  3
